50
10
0.86 0.30 0.23 0.66 0.52 0.09 0.02 0.74 0.27 0.51
0.99 0.01 0.79 0.03 0.35 0.97 0.50 0.16 0.90 0.73
6
0.23 0.46 0.77 0.15 0.62 0.85
0.38 0.92 0.54 0.69 0.08 0.31
10
0.29 0.09 0.47 0.28 0.16 0.10 0.67 0.76 0.72 0.24
0.14 0.36 0.57 0.05 0.60 0.95 0.26 0.66 0.41 0.45
6
0.32 0.39 0.25 0.11 0.07 0.21
0.50 0.61 0.54 0.86 0.89 0.96
10
0.16 0.04 0.01 0.87 0.15 0.78 0.81 0.46 0.49 0.93
0.28 0.21 0.63 0.09 0.37 0.39 0.22 0.52 0.64 0.25
7
0.07 0.20 0.54 0.12 0.31 0.88 0.47
0.39 0.14 0.58 0.90 0.15 0.61 0.46
10
0.86 0.24 0.77 0.65 0.62 0.53 0.59 0.95 0.60 0.84
0.79 0.75 0.01 0.81 0.96 0.04 0.54 0.76 0.30 0.05
10
0.81 0.80 0.71 0.93 0.61 0.90 0.65 0.77 0.78 0.63
0.07 0.57 0.28 0.37 0.02 0.53 0.40 0.10 0.31 0.25
10
0.193 0.165 0.083 0.239 0.431 0.578 0.422 0.092 0.294 0.560
0.798 0.642 0.872 0.706 0.734 0.615 0.780 0.688 0.908 0.587
8
0.56 0.34 0.04 0.45 0.55 0.65 0.52 0.11
0.76 0.77 0.86 0.92 0.75 0.99 0.79 0.68
10
0.750 0.276 0.250 0.707 0.284 0.543 0.784 0.509 0.164 0.741
0.940 0.681 0.776 0.060 0.767 0.112 0.414 0.216 0.931 0.621
10
0.12 0.01 0.31 0.26 0.06 0.33 0.92 0.93 0.24 0.03
0.25 0.64 0.21 0.90 0.75 0.55 0.39 0.52 0.44 0.99
10
0.034 0.227 0.429 0.378 0.370 0.479 0.151 0.513 0.118 0.311
0.908 0.983 0.849 0.706 0.613 0.647 0.597 0.639 0.773 0.891
1
0.5
0.1
10
0.37 0.15 0.50 0.29 0.38 0.04 0.19 0.40 0.35 0.08
0.90 0.73 0.65 0.63 0.69 0.98 0.85 0.94 0.77 0.75
5
0.56 0.80 0.40 0.64 0.96
0.09 0.44 0.35 0.62 0.27
1
0.5
0.8
10
0.914 0.457 0.619 0.210 0.029 0.895 0.629 0.371 0.533 0.838
0.076 0.705 0.829 0.819 0.686 0.990 0.600 0.781 0.771 0.762
3
0.73 0.91 0.82
0.36 0.27 0.64
10
0.365 0.115 0.942 0.538 0.029 0.221 0.962 0.260 0.106 0.375
0.731 0.404 0.423 0.231 0.135 0.288 0.875 0.846 0.010 0.240
10
0.491 0.269 0.454 0.722 0.676 0.972 0.981 0.324 0.926 0.157
0.287 0.685 0.778 0.694 0.759 0.519 0.991 0.880 0.370 0.574
8
0.68 0.15 0.85 0.29 0.50 0.82 0.59 0.76
0.53 0.62 0.32 0.88 0.03 0.26 0.71 0.65
3
0.86 0.79 0.28
0.14 0.34 0.45
3
0.92 0.23 0.46
0.31 0.62 0.08
9
0.047 0.132 0.425 0.198 0.283 0.368 0.434 0.038 0.462
0.915 0.670 0.509 0.547 0.557 0.906 0.538 0.632 0.575
10
0.68 0.71 0.79 0.94 0.88 0.85 0.76 0.91 0.65 0.74
0.35 0.24 0.09 0.44 0.15 0.59 0.03 0.32 0.56 0.21
10
0.27 0.71 0.90 0.15 0.03 0.53 0.16 0.40 0.34 0.18
0.35 0.19 0.87 0.02 0.45 0.10 0.26 0.65 0.66 0.63
10
0.90 0.26 0.53 0.04 0.63 0.81 0.16 0.75 0.38 0.68
0.50 0.35 0.29 0.19 0.28 0.66 0.93 0.43 0.99 0.71
9
0.47 0.18 0.94 0.23 0.09 0.58 0.03 0.08 0.14
0.28 0.54 0.50 0.45 0.19 0.32 0.49 0.87 0.29
10
0.37 0.87 0.07 0.90 0.50 0.33 0.80 0.40 0.23 0.77
0.67 0.70 0.17 0.73 0.47 0.57 0.10 0.60 0.30 0.97
5
0.68 0.61 0.95 0.90 0.78
0.66 0.73 0.88 0.20 0.76
1
0.3
0.7
10
0.20 0.03 0.89 0.56 0.36 0.97 0.77 0.30 0.67 0.55
0.62 0.64 0.83 0.17 0.86 0.08 0.92 0.12 0.53 0.59
10
0.75 0.59 0.35 0.57 0.53 0.39 0.47 0.73 0.87 0.94
0.10 0.05 0.91 0.78 0.76 0.41 0.32 0.70 0.03 0.33
4
0.6 0.5 0.9 0.4
0.3 0.2 0.8 0.1
10
0.73 0.07 0.37 0.50 0.20 0.03 0.13 0.30 0.90 0.77
0.83 0.60 0.43 0.40 0.23 0.93 0.47 0.63 0.97 0.53
10
0.743 0.594 0.931 0.455 0.564 0.941 0.673 0.851 0.762 0.911
0.366 0.396 0.327 0.040 0.119 0.069 0.129 0.168 0.376 0.426
10
0.57 0.71 0.61 0.65 0.82 0.90 0.94 0.76 0.53 0.92
0.14 0.25 0.04 0.27 0.20 0.35 0.33 0.39 0.18 0.10
10
0.22 0.44 0.37 0.10 0.24 0.39 0.34 0.32 0.41 0.27
0.66 0.78 0.61 0.85 0.63 0.95 0.80 0.59 0.68 0.83
10
0.16 0.78 0.56 0.28 0.53 0.31 0.34 0.47 0.06 0.03
0.19 0.09 0.38 0.69 0.22 0.25 0.84 0.81 0.91 0.88
10
0.36 0.35 0.08 0.90 0.75 0.17 0.60 0.18 0.97 0.95
0.06 0.31 0.81 0.52 0.68 0.64 0.05 0.57 0.71 0.88
2
0.45 0.05
0.82 0.77
10
0.15 0.99 0.30 0.65 0.46 0.38 0.11 0.39 0.01 0.86
0.78 0.94 0.73 0.08 0.61 0.81 0.89 0.67 0.14 0.71
10
0.621 0.224 0.112 0.828 0.345 0.095 0.552 0.448 0.052 0.405
0.241 0.922 0.164 0.655 0.302 0.802 0.888 0.172 0.983 0.690
10
0.47 0.61 0.54 0.29 0.93 0.66 0.89 0.14 0.76 0.30
0.46 0.59 0.51 0.11 0.80 0.86 0.60 0.64 0.04 0.69
4
0.95 0.30 0.70 0.60
0.85 0.75 0.55 0.10
10
0.11 0.16 0.03 0.04 0.27 0.24 0.43 0.12 0.22 0.15
0.64 0.82 0.76 0.98 0.55 0.54 0.91 0.80 0.88 0.75
10
0.04 0.18 0.49 0.01 0.26 0.15 0.65 0.43 0.55 0.58
0.33 0.67 0.45 0.87 0.96 0.93 0.88 0.60 0.36 0.39
10
0.60 0.73 0.57 0.86 0.89 0.59 0.81 0.79 0.53 0.76
0.36 0.30 0.19 0.24 0.40 0.09 0.01 0.34 0.04 0.06
7
0.91 0.17 0.67 0.45 0.56 0.20 0.51
0.25 0.09 0.08 0.99 0.01 0.95 0.76
