42
16
410 58 94 72
549
188 85 82 89
264
188 72 61 79
220
997 88 88 30
39
850 98 66 71
491
408 92 69 60
314
323 76 78 97
408
928 54 53 51
492
453 53 61 95
360
359 78 83 16
549
400 94 58 28
538
662 92 88 51
351
790 82 84 97
174
563 74 85 28
20
73 77 56 51
429
628 55 75 29
436
289 67 82 20
9
181 52 75 55
299
171 67 76 55
601
253 66 94 89
950
388 70 85 86
573
677 82 71 24
331
258 99 67 73
741
536 77 67 79
332
777 62 85 69
306
731 75 53 48
120
742 61 75 49
356
987 74 53 35
18
528 84 67 88
68
461 95 98 67
193
179 56 71 64
936
292 80 78 99
849
504 83 89 87
714
264 66 99 36
659
623 85 63 89
642
806 96 60 77
751
174 74 96 67
641
112 77 64 70
268
699 92 74 91
435
689 56 57 44
171
787 71 87 98
182
336 60 55 12
