100
639 963
123 480
1 109
384 484
1 5
588 723
123 603
122 1000
1 104
8 9
120 121
1 302
8 122
484 584
65 485
483 742
3 65
497 526
1 101
372 972
441 872
599 659
33 423
225 834
446 714
120 221
548 579
24 813
1 1000
79 636
216 356
9 178
409 785
3 221
489 809
9 302
3 6
483 584
8 485
1 121
3 9
276 549
3 742
192 500
30 200
1 4
3 4
1 9
10 120
120 485
286 796
312 809
7 65
9 9
65 221
303 742
8 121
339 829
484 484
9 121
47 558
21 221
122 483
543 686
1 6
223 678
548 704
7 221
153 518
4 4
121 484
303 584
42 760
710 856
3 5
5 735
7 302
1 742
9 447
589 686
568 897
65 484
1 2
21 584
67 962
9 10
100 1000
120 484
121 221
499 700
1 1
3 109
245 412
7 9
1 584
9 742
21 484
618 826
483 484
269 370
