100
3 8
5 6 9 4 8 2 1 7
3 1
2
3 10
2 4 8 16 32 64 100 100 100 100
3 10
1 4 4 4 4 4 4 4 4 4
100 1
100
3 5
11 20 60 22 100
2 10
100 100 100 100 100 100 100 100 100 100
3 5
100 100 100 100 100
3 4
1 6 12 49
2 6
9 64 19 16 81 80
1 10
100 100 100 100 100 100 100 100 100 100
1 10
1 1 1 1 1 1 1 1 1 1
24 7
16 94 36 15 61 5 43
10 9
1 8 43 15 1 10 2 2 1
8 9
88 51 85 20 16 1 96 99 34
24 9
33 96 31 9 83 49 11 31 13
6 7
63 98 3 75 3 76 46
23 5
63 43 57 84 14
2 1
18
2 5
96 1 8 11 7
15 7
1 85 44 1 1 23 12
5 5
81 8 16 30 9
19 1
76
10 5
10 2 52 42 65
2 7
2 1 89 6 58 10 27
9 2
13 4
12 9
9 45 70 10 99 4 37 9 48
17 8
84 14 13 26 81 1 80 61
3 4
1 27 55 52
14 6
42 36 3 46 9 5
2 5
92 49 13 80 23
9 5
62 67 62 8 55
1 5
23 1 6 1 22
18 9
1 93 24 2 9 18 14 93 2
1 7
21 71 68 17 71 1 42
10 1
64
1 8
16 62 62 1 4 54 4 23
2 4
55 1 68 72
1 1
5
4 1
50
15 3
1 30 48
18 6
77 12 25 53 1 63
20 5
3 89 7 1 95
18 5
5 72 8 10 21
15 6
41 77 28 29 39 70
1 2
1 92
19 6
68 1 41 50 63 2
1 1
68
1 6
32 2 11 2 1 12
22 6
1 61 70 51 5 30
17 9
30 53 24 17 37 86 8 5 99
1 9
95 59 55 40 1 41 19 38 1
7 1
2
8 9
84 14 40 62 1 56 3 4 78
1 8
16 15 1 56 2 86 14 52
2 3
78 41 6
10 7
55 60 50 1 3 12 62
17 5
42 1 4 72 27
1 8
1 1 64 7 98 6 99 15
18 3
6 39 1
1 9
87 74 5 1 7 4 47 22 1
22 9
1 26 1 3 12 5 82 34 3
2 1
67
18 1
2
11 9
38 2 94 92 27 97 21 61 2
11 5
89 1 14 1 20
25 1
6
1 4
71 79 4 42
25 5
27 98 28 29 3
13 2
33 11
1 9
66 1 36 1 4 24 21 43 20
23 8
19 57 30 29 24 2 12 33
10 5
1 72 48 42 76
15 4
57 65 43 2
3 8
89 28 26 2 16 50 1 52
2 3
39 30 24
1 4
48 2 42 50
1 9
90 4 13 21 55 88 5 1 1
2 1
1
9 3
3 21 1
1 8
78 71 12 11 48 10 39 3
23 4
86 41 53 2
7 4
28 59 98 65
16 9
3 52 1 59 4 17 75 28 1
9 5
41 57 48 43 29
22 8
38 14 4 29 44 1 61 99
3 3
77 94 58
4 2
5 12
10 4
10 28 72 41
9 6
1 1 30 46 92 10
8 2
20 10
18 3
6 1 2
2 3
5 79 59
7 4
81 38 49 64
1 4
8 13 3 52
4 7
19 98 75 1 76 42 40
23 2
2 6
7 9
96 63 6 10 1 1 1 8 68
18 4
39 1 48 10
10 6
6 37 60 6 74 9
