1000
12 565
19 295
97 395
77 478
30 892
219 882
163 658
77 477
156 630
30 891
219 439
379 759
321 643
282 565
155 311
1 1000
6 261
6 260
6 262
6 288
395 791
395 913
56 476
56 475
56 477
56 531
139 562
139 561
139 563
139 771
162 325
162 491
25 876
25 875
25 877
25 963
223 898
223 897
223 899
223 922
330 661
330 874
67 417
67 416
67 418
67 453
64 834
64 833
64 835
64 902
23 650
23 649
23 651
23 711
430 861
430 895
256 513
256 665
118 237
118 473
413 827
413 913
179 722
179 721
179 723
179 915
130 526
130 525
130 527
130 698
381 763
381 808
74 302
74 301
74 303
74 447
244 489
244 861
51 555
51 554
51 556
51 659
146 293
146 498
188 758
188 757
188 759
188 938
275 551
275 572
165 666
165 665
165 667
165 789
315 631
315 816
358 717
358 738
102 205
102 217
147 897
147 896
147 898
147 933
223 447
223 771
104 422
104 421
104 423
104 630
72 294
72 293
72 295
72 430
391 783
391 805
91 183
91 275
61 655
61 654
61 656
61 695
333 667
333 779
32 830
32 829
32 831
32 835
53 575
53 574
53 576
53 691
97 804
97 803
97 805
97 806
79 322
79 321
79 323
79 397
85 171
85 299
73 453
73 452
73 454
73 586
79 660
79 659
79 661
79 710
125 765
125 764
125 766
125 776
104 860
104 859
104 861
104 928
173 698
173 697
173 699
173 736
311 623
311 949
138 277
138 414
124 502
124 501
124 503
124 551
341 683
341 817
126 771
126 770
126 772
126 815
39 970
39 969
39 971
39 985
411 823
411 988
100 406
100 405
100 407
100 419
243 487
243 499
158 638
158 637
158 639
158 879
204 409
204 659
165 331
165 446
423 847
423 969
87 537
87 536
87 538
87 677
125 765
125 764
125 766
125 906
232 465
232 518
224 449
224 590
112 924
112 923
112 925
112 926
74 149
74 300
245 491
245 772
211 850
211 849
211 851
211 967
461 923
461 936
143 873
143 872
143 874
143 913
195 786
195 785
195 787
195 928
9 100
9 99
9 101
9 127
191 770
191 769
191 771
191 774
48 97
48 164
171 343
171 676
1 820
1 819
1 821
1 840
263 527
263 597
38 837
38 836
38 838
38 850
389 779
389 996
161 323
161 571
29 59
29 64
173 698
173 697
173 699
173 749
39 744
39 743
39 745
39 854
85 708
85 707
85 709
85 782
67 564
67 563
67 565
67 698
125 765
125 764
125 766
125 868
141 283
141 562
15 798
15 797
15 799
15 884
211 850
211 849
211 851
211 866
113 458
113 457
113 459
113 583
84 519
84 518
84 520
84 603
38 522
38 521
38 523
38 592
290 581
290 886
46 396
46 395
46 397
46 483
38 728
38 727
38 729
38 746
28 483
28 482
28 484
28 544
5 396
5 395
5 397
5 402
247 495
247 794
169 682
169 681
169 683
169 695
59 635
59 634
59 636
59 731
53 107
53 201
204 787
57 483
57 485
57 599
22 329
22 331
22 346
12 713
12 715
12 747
30 789
30 791
30 840
122 355
69 428
69 430
69 576
140 854
140 856
140 982
104 392
383 974
272 887
104 421
104 423
104 554
40 254
40 256
40 257
247 529
151 495
44 181
44 183
44 195
228 864
43 807
43 809
43 811
212 797
220 696
319 1000
109 432
129 788
129 790
129 812
49 903
49 905
49 981
110 674
110 676
110 814
48 411
48 413
48 495
113 442
257 602
155 625
155 627
155 726
75 464
75 466
75 551
382 916
340 863
36 149
36 151
36 155
340 699
94 779
94 781
94 782
109 441
109 443
109 534
285 593
232 791
139 487
232 732
161 483
89 200
416 985
99 338
77 313
77 315
77 335
234 941
234 943
234 976
130 476
114 461
114 463
114 593
216 869
216 871
216 904
149 388
119 457
235 619
264 838
48 197
48 199
48 300
29 188
29 190
29 216
46 855
46 857
46 893
237 953
237 955
237 986
426 998
325 969
55 225
55 227
55 317
119 481
119 483
119 705
260 630
180 725
180 727
180 947
448 988
52 213
52 215
52 308
273 563
119 481
119 483
119 488
321 752
114 698
114 700
114 768
96 795
96 797
96 931
437 959
49 534
49 536
49 639
237 490
203 817
203 819
203 897
334 935
27 729
27 731
27 784
38 426
353 864
121 489
121 491
121 716
271 560
22 329
22 331
22 379
86 904
86 906
86 930
304 681
202 770
477 985
20 755
20 757
20 838
109 284
97 393
97 395
97 493
20 518
130 863
38 911
76 630
128 895
171 760
21 581
51 714
28 151
113 302
335 734
176 897
433 868
22 928
234 643
146 833
294 689
194 938
42 619
116 536
316 840
110 344
93 748
30 890
134 275
48 854
64 602
22 200
53 372
334 825
162 480
8 418
94 868
140 404
67 573
53 752
27 504
75 434
33 544
102 965
110 305
41 690
112 616
153 380
17 870
366 882
177 755
227 544
21 263
59 908
363 839
281 795
397 922
11 407
166 833
133 980
277 830
131 520
215 772
237 823
389 961
99 354
221 793
117 629
368 974
382 819
74 368
185 836
318 790
69 630
92 900
205 581
407 937
352 817
280 670
50 989
242 665
56 237
111 647
222 480
126 569
176 971
63 191
216 505
165 998
173 887
204 948
231 850
211 850
52 250
191 826
79 695
406 822
20 698
49 238
55 493
186 624
99 455
83 776
121 877
281 953
406 817
167 708
176 777
14 567
479 988
133 420
345 945
71 285
212 770
8 224
59 384
297 787
95 643
131 910
87 571
249 606
232 759
49 273
189 510
213 519
371 890
6 394
56 326
244 783
191 678
250 678
172 449
257 659
119 682
148 364
234 614
109 617
146 834
204 639
37 550
224 758
85 334
252 709
214 435
292 910
329 912
204 619
44 405
170 918
55 513
74 430
47 325
249 897
2 743
54 135
203 723
240 777
212 804
286 974
66 312
143 328
35 823
120 312
80 863
110 328
64 323
43 184
79 838
35 654
80 314
147 621
139 867
152 653
162 527
334 834
187 547
254 604
322 657
19 619
115 628
131 722
252 805
246 583
49 196
105 675
59 639
220 468
176 850
164 902
210 488
441 946
258 534
39 999
349 732
214 908
147 309
6 829
4 859
59 675
184 734
4 893
290 774
275 771
155 521
177 520
236 856
154 648
356 809
318 694
414 851
80 302
100 327
269 652
192 440
336 708
99 376
4 642
139 525
149 963
42 251
116 454
247 866
27 156
160 993
55 343
77 825
337 690
134 770
391 907
84 312
86 740
162 793
125 560
257 747
368 807
131 881
391 920
122 577
244 632
289 662
123 342
151 792
44 191
177 609
26 194
99 616
32 920
132 412
201 939
28 826
113 734
107 830
350 897
39 893
145 319
185 578
99 316
20 808
306 677
131 971
124 458
151 654
198 699
178 364
129 874
32 240
170 558
164 594
293 861
7 494
78 210
157 765
210 613
316 814
146 496
14 648
132 377
78 389
35 921
267 671
408 884
159 452
22 452
61 690
81 931
60 598
398 985
151 985
161 786
272 740
86 255
11 726
133 458
68 977
251 537
373 930
302 615
68 752
236 644
334 866
157 770
27 674
28 638
85 541
77 206
380 812
196 996
202 661
140 785
205 661
61 266
184 489
115 455
62 944
4 901
285 571
188 815
27 915
87 466
163 839
282 960
38 857
68 581
47 845
152 747
418 918
58 664
44 946
254 746
366 769
177 991
13 340
26 391
102 730
14 790
61 469
262 653
480 961
373 846
176 451
147 630
42 837
243 735
79 942
17 76
58 803
30 544
131 389
136 463
5 726
172 796
103 709
249 781
59 331
407 943
428 941
154 967
83 167
243 618
249 963
146 315
179 967
69 168
245 717
97 712
235 989
201 600
44 201
48 522
279 683
12 160
220 710
29 744
317 739
30 449
128 871
85 540
306 857
140 593
408 919
162 979
169 859
214 656
308 948
184 759
239 535
129 895
65 285
32 534
197 888
81 756
156 737
126 320
318 873
240 714
301 731
278 619
2 838
44 675
95 344
113 747
453 959
287 607
315 877
36 680
241 544
117 758
178 780
239 687
146 406
121 792
57 146
110 650
176 722
20 147
38 813
54 464
96 310
204 808
55 377
148 787
7 144
96 754
78 837
321 689
262 977
133 902
154 863
272 800
191 641
214 620
324 937
86 929
334 762
358 812
27 274
5 986
134 653
155 410
136 682
277 639
433 911
47 587
367 771
128 422
122 925
176 942
289 754
36 557
146 873
157 452
61 575
39 382
162 903
41 548
113 399
161 760
71 913
42 881
304 622
237 858
33 319
183 841
466 962
207 756
94 510
120 883
42 105
122 601
28 826
103 707
18 295
399 985
59 478
82 364
292 976
95 978
60 999
65 149
142 993
6 660
215 498
15 339
244 643
111 307
112 702
220 964
82 507
2 904
29 439
86 308
111 708
83 364
220 744
99 779
102 853
10 962
352 906
209 868
159 695
